024567
024576
024657
024675
024756
024765
025467
025476
025647
025674
025746
025764
026457
026475
026547
026574
026745
026754
027456
027465
027546
027564
027645
027654
042567
042576
042657
042675
042756
042765
045267
045276
045627
045672
045726
045762
046257
046275
046527
046572
046725
046752
047256
047265
047526
047562
047625
047652
052467
052476
052647
052674
052746
052764
054267
054276
054627
054672
054726
054762
056247
056274
056427
056472
056724
056742
057246
057264
057426
057462
057624
057642
062457
062475
062547
062574
062745
062754
064257
064275
064527
064572
064725
064752
065247
065274
065427
065472
065724
065742
067245
067254
067425
067452
067524
067542
072456
072465
072546
072564
072645
072654
074256
074265
074526
074562
074625
074652
075246
075264
075426
075462
075624
075642
076245
076254
076425
076452
076524
076542
204567
204576
204657
204675
204756
204765
205467
205476
205647
205674
205746
205764
206457
206475
206547
206574
206745
206754
207456
207465
207546
207564
207645
207654
240567
240576
240657
240675
240756
240765
245067
245076
245607
245670
245706
245760
246057
246075
246507
246570
246705
246750
247056
247065
247506
247560
247605
247650
250467
250476
250647
250674
250746
250764
254067
254076
254607
254670
254706
254760
256047
256074
256407
256470
256704
256740
257046
257064
257406
257460
257604
257640
260457
260475
260547
260574
260745
260754
264057
264075
264507
264570
264705
264750
265047
265074
265407
265470
265704
265740
267045
267054
267405
267450
267504
267540
270456
270465
270546
270564
270645
270654
274056
274065
274506
274560
274605
274650
275046
275064
275406
275460
275604
275640
276045
276054
276405
276450
276504
276540
402567
402576
402657
402675
402756
402765
405267
405276
405627
405672
405726
405762
406257
406275
406527
406572
406725
406752
407256
407265
407526
407562
407625
407652
420567
420576
420657
420675
420756
420765
425067
425076
425607
425670
425706
425760
426057
426075
426507
426570
426705
426750
427056
427065
427506
427560
427605
427650
450267
450276
450627
450672
450726
450762
452067
452076
452607
452670
452706
452760
456027
456072
456207
456270
456702
456720
457026
457062
457206
457260
457602
457620
460257
460275
460527
460572
460725
460752
462057
462075
462507
462570
462705
462750
465027
465072
465207
465270
465702
465720
467025
467052
467205
467250
467502
467520
470256
470265
470526
470562
470625
470652
472056
472065
472506
472560
472605
472650
475026
475062
475206
475260
475602
475620
476025
476052
476205
476250
476502
476520
502467
502476
502647
502674
502746
502764
504267
504276
504627
504672
504726
504762
506247
506274
506427
506472
506724
506742
507246
507264
507426
507462
507624
507642
520467
520476
520647
520674
520746
520764
524067
524076
524607
524670
524706
524760
526047
526074
526407
526470
526704
526740
527046
527064
527406
527460
527604
527640
540267
540276
540627
540672
540726
540762
542067
542076
542607
542670
542706
542760
546027
546072
546207
546270
546702
546720
547026
547062
547206
547260
547602
547620
560247
560274
560427
560472
560724
560742
562047
562074
562407
562470
562704
562740
564027
564072
564207
564270
564702
564720
567024
567042
567204
567240
567402
567420
570246
570264
570426
570462
570624
570642
572046
572064
572406
572460
572604
572640
574026
574062
574206
574260
574602
574620
576024
576042
576204
576240
576402
576420
602457
602475
602547
602574
602745
602754
604257
604275
604527
604572
604725
604752
605247
605274
605427
605472
605724
605742
607245
607254
607425
607452
607524
607542
620457
620475
620547
620574
620745
620754
624057
624075
624507
624570
624705
624750
625047
625074
625407
625470
625704
625740
627045
627054
627405
627450
627504
627540
640257
640275
640527
640572
640725
640752
642057
642075
642507
642570
642705
642750
645027
645072
645207
645270
645702
645720
647025
647052
647205
647250
647502
647520
650247
650274
650427
650472
650724
650742
652047
652074
652407
652470
652704
652740
654027
654072
654207
654270
654702
654720
657024
657042
657204
657240
657402
657420
670245
670254
670425
670452
670524
670542
672045
672054
672405
672450
672504
672540
674025
674052
674205
674250
674502
674520
675024
675042
675204
675240
675402
675420
702456
702465
702546
702564
702645
702654
704256
704265
704526
704562
704625
704652
705246
705264
705426
705462
705624
705642
706245
706254
706425
706452
706524
706542
720456
720465
720546
720564
720645
720654
724056
724065
724506
724560
724605
724650
725046
725064
725406
725460
725604
725640
726045
726054
726405
726450
726504
726540
740256
740265
740526
740562
740625
740652
742056
742065
742506
742560
742605
742650
745026
745062
745206
745260
745602
745620
746025
746052
746205
746250
746502
746520
750246
750264
750426
750462
750624
750642
752046
752064
752406
752460
752604
752640
754026
754062
754206
754260
754602
754620
756024
756042
756204
756240
756402
756420
760245
760254
760425
760452
760524
760542
762045
762054
762405
762450
762504
762540
764025
764052
764205
764250
764502
764520
765024
765042
765204
765240
765402
765420